time,x,y,z,phi,theta,psi,x_velocity,y_velocity,z_velocity,phi_velocity,theta_velocity,psi_velocity,rotor_speed1,rotor_speed2,rotor_speed3,rotor_speed4
0.06,1.65900656789e-08,-1.02191405798e-07,10.0065324394,6.28292784724,6.28316616784,0.0,1.68679944851e-06,-1.66419028733e-05,0.217731039506,-0.0146659268401,-0.000964783870544,0.0,472.4407527258106,472.36637978201355,473.7253240691927,472.59653341104064
0.12000000000000001,8.07102662571e-07,-9.9404401193e-06,10.0229041759,6.28201279428,6.28300869029,0.0,3.55767921398e-05,-0.000404177603567,0.32796756156,-0.0164471825132,-0.00617036075277,0.0,439.8626335558163,439.43145426856285,440.82743220469115,440.68034139176825
0.18,8.04655713148e-06,-7.06146250268e-05,10.051725726,6.28074024556,0.000257075424296,0.0,0.000190386283068,-0.00176457954556,0.632632065736,-0.0330211523189,0.0256098011361,0.0,496.84359653635204,499.167751050968,498.1501285778712,496.9369126974783
0.23999999999999996,6.79947821699e-06,-0.000242840140473,10.09561249,6.27872521679,0.00160180977696,0.0,-0.000400716388586,-0.0042085631382,0.830136387912,-0.0347333314193,0.0150967999928,0.0,467.3184445989482,466.49837314312776,467.66658357176823,467.5328298291594
0.3,-6.10434996275e-05,-0.00061421809352,10.1522695909,6.27645514871,0.00284059384335,0.0,-0.00199231365971,-0.00843211776733,1.05824884066,-0.0448957126866,0.0299149790346,0.0,476.297307486454,477.4290517123336,476.60715085972635,475.8293113167741
0.36000000000000004,-0.000251160392863,-0.00128087644399,10.2203518501,6.27384599299,0.00462899966325,0.0,-0.00454118673034,-0.014079740478,1.21100731221,-0.0408065096746,0.0295894875538,0.0,454.1297608743789,454.10391174710156,454.65782059097654,454.98427349406904
0.4200000000000001,-0.00062199876159,-0.00232012045112,10.295204619,6.27128329353,0.00607291495007,0.0,-0.00798067643768,-0.0208061959513,1.28400213254,-0.0468223730042,0.0097324623025,0.0,430.15750509515357,428.4729364503549,430.42111195375634,429.91065858298117
0.48000000000000015,-0.00124600282074,-0.00385960704178,10.3780162344,6.26839659333,0.00693506523817,0.0,-0.0129031839651,-0.0308363563509,1.47615190609,-0.0508227314053,0.0223216272719,0.0,467.1613671470221,468.14176157476226,466.23212666012597,465.9182050979872
0.5400000000000001,-0.00217355693287,-0.00603783342785,10.4702862041,6.26508643982,0.00798222283231,0.0,-0.0181424683569,-0.0421019437501,1.599342834,-0.0657035114782,0.00530110588791,0.0,447.16067664071295,445.7720488996554,446.8910707026664,445.6744589030929
0.6000000000000002,-0.00343192846637,-0.00896137839559,10.5696888932,6.26097641685,0.0084288735612,0.0,-0.0238420822729,-0.0557650546617,1.71390628431,-0.074777054129,0.0114185728224,0.0,443.60644753291183,444.1083499621012,444.6252604358767,443.8777470034884
0.6600000000000003,-0.00504636757429,-0.0128022217617,10.6763416629,6.25643871758,0.00923278669351,0.0,-0.0300501051486,-0.0727367575327,1.84097713607,-0.0773865910453,0.0170903401482,0.0,448.56215054141086,449.0223563238537,447.98547811300006,447.76879739948555
0.7200000000000003,-0.00704868585098,-0.0177500314528,10.7902737318,6.2516665249,0.010376982548,0.0,-0.0368055089472,-0.0926755502739,1.95655154185,-0.0842231205388,0.0227608659441,0.0,445.1363221305882,445.6000388475416,445.3304913525741,444.7658748280063
0.7800000000000004,-0.00947946606453,-0.0239882294775,10.9108878244,6.2468350054,0.0120779196393,0.0,-0.044378501637,-0.115766718655,2.06371041907,-0.0740042294317,0.0376709854587,0.0,442.27236677271014,443.49885122938565,442.7405321743509,443.57515919505465
0.8400000000000004,-0.0124227534552,-0.0317647355186,11.0393990982,6.24287130121,0.015082464023,0.0,-0.0540260539915,-0.143898888637,2.21968521638,-0.0536395904739,0.0674759125532,0.0,457.02934889046304,459.39999720690076,458.0800514516254,459.6932675767386
0.9000000000000005,-0.0159345597963,-0.041096941586,11.1719792785,6.23922489766,0.0189343524042,0.0,-0.0633686064722,-0.167459989449,2.19967295651,-0.0815009873209,0.0566736668952,0.0,403.94413291737476,402.97230845598256,402.33881313730325,399.8050013700749
0.9600000000000005,-0.020146925549,-0.0520849807869,11.3072487664,6.23454443728,0.0222793205578,0.0,-0.07738841195,-0.199292168683,2.30906153759,-0.0718079212624,0.0538346729494,0.0,446.22100023245684,445.9912814981547,443.1466258927746,443.93774878761246
1.0200000000000005,-0.0252018128227,-0.0649307716844,11.4460793175,6.22989096368,0.0259442941424,0.0,-0.0914158076625,-0.229293826303,2.31857243412,-0.0926794648271,0.0726298876826,0.0,412.5855141079282,414.24443788086626,413.3037233897051,411.45459100306465
1.0800000000000005,-0.0312868455656,-0.07990676143,11.5899312584,6.22420430336,0.0301700745399,0.0,-0.111885071076,-0.270508638715,2.47610945464,-0.0993404949707,0.065622538239,0.0,460.40411999856417,459.852985554568,460.7959175693461,460.2617527221378
1.1400000000000006,-0.0386303616485,-0.0973627285792,11.741198813,6.21792339707,0.0340200956884,0.0,-0.133284630935,-0.311956690402,2.56588596233,-0.118371781364,0.0610859240461,0.0,441.0311985641152,440.6593939462143,440.224166570431,438.63665044551374
1.2000000000000006,-0.0472971951746,-0.117364504761,11.8967453506,6.21094031585,0.0374594998762,0.0,-0.155945047005,-0.355429816105,2.61880994297,-0.112683713332,0.0484769871527,0.0,429.6059210703024,428.5378336232542,428.41465702657536,428.8853269293794
1.2600000000000007,-0.0576339411597,-0.140582696163,12.0619024286,6.20378821931,0.0408676845818,0.0,-0.188994428412,-0.419336914178,2.88569204878,-0.137250970751,0.0696971959801,0.0,493.71081726838077,495.2757331511236,494.6098971732018,492.78564965315695
1.3200000000000007,-0.0697494904943,-0.167249037228,12.2359380578,6.19546157561,0.0445846017419,0.0,-0.215224170762,-0.470292218296,2.91532357593,-0.142015789356,0.0381860781764,0.0,425.20522489305375,422.49978499343985,422.87351313935983,422.44387787963797
1.3800000000000008,-0.0835544096596,-0.197233111954,12.4129073192,6.18654701112,0.0468398762671,0.0,-0.245153530681,-0.530003409753,2.98336612939,-0.166791195081,0.0363642056579,0.0,435.86990755765163,435.71832101344046,437.5861108502315,435.49698914657984
1.4400000000000008,-0.0991757584869,-0.230931035201,12.5934316957,6.17644104811,0.0494063417509,0.0,-0.275779425283,-0.594198059662,3.03384496056,-0.1719310734,0.0532231453104,0.0,430.73904758422685,432.1634799903791,431.0555709565481,430.592809245657
1.5000000000000009,-0.116510760553,-0.268292412616,12.7734493622,6.16636950364,0.0526769756843,0.0,-0.302313864462,-0.651986652549,2.96679212574,-0.160764683296,0.0569675667031,0.0,390.91182133160015,391.2630229212502,391.68430818057504,392.69027235055444
1.560000000000001,-0.135744026055,-0.309838530335,12.9541347288,6.15692700892,0.0566770403553,0.0,-0.339161059531,-0.733810433808,3.05564118564,-0.151343305328,0.0811763541401,0.0,442.14894247392465,444.1421209613994,444.5419871991461,445.28983156289405
1.620000000000001,-0.157454395835,-0.356879166845,13.1431957168,6.14728063663,0.0620894986729,0.0,-0.385088025904,-0.835197556919,3.24563909709,-0.196837931841,0.103941071079,0.0,475.47169789894514,477.2185840756502,477.1947153180984,473.68434406700567
1.680000000000001,-0.181830385332,-0.409756239066,13.3401285334,6.13564385806,0.0683579842254,0.0,-0.428046981159,-0.92848213448,3.3183127932,-0.188720980311,0.105520464583,0.0,441.56799846027116,441.7078689277046,440.91208988561647,441.54515298995904
1.740000000000001,-0.209218088003,-0.46911934221,13.5457542307,6.12414306827,0.0746027405091,0.0,-0.485584156835,-1.05153612052,3.53487722541,-0.19836169055,0.101031438073,0.0,485.4165107150292,485.0879544963796,487.803780569108,487.0509481940645
1.8000000000000012,-0.240132661349,-0.535981912565,13.763309533,6.11228741757,0.0809393813733,0.0,-0.545568300005,-1.17845952782,3.71600548829,-0.196104131914,0.113472388224,0.0,477.2529735927535,478.21046122512666,478.12171278852236,478.25853027523937
1.8600000000000012,-0.274633378725,-0.610388145168,13.9897012917,6.10074183098,0.0872165810134,0.0,-0.605120792227,-1.30287437094,3.82961695304,-0.185942551151,0.0738603664823,0.0,460.7044167219162,457.56994881300784,459.419810398122,460.1900329118904
1.9200000000000013,-0.312431157399,-0.691666672201,14.2183872866,6.09017729726,0.091649565284,0.0,-0.655178886816,-1.4073062646,3.7930619561,-0.161389766676,0.0739284160829,0.0,412.33670804942204,412.3474408831192,410.50727514568507,412.6472455376437
1.9800000000000013,-0.353445605928,-0.779671052709,14.4462953202,6.08085770426,0.0962512817222,0.0,-0.712367553992,-1.52699521161,3.80350129199,-0.145356298187,0.0817200082013,0.0,428.1639779947187,428.8312756384798,427.61335808147743,428.9531034203883
2.0400000000000014,-0.398201021272,-0.875486840966,14.6770289901,6.07281369405,0.100907703669,0.0,-0.779928329061,-1.6676173957,3.88695748671,-0.117824943547,0.0677633681407,0.0,452.7521822729654,451.63241588111714,452.6501062486164,454.8437073788025
2.1000000000000014,-0.44698601585,-0.979656957223,14.9115929225,6.06575676012,0.105259770347,0.0,-0.846616581789,-1.80533749606,3.93133618722,-0.117200457705,0.0806812620631,0.0,441.91999231216056,442.9876527396319,441.1754429965696,441.2144837530323
2.1600000000000015,-0.500140628892,-1.09279935146,15.1513456517,6.05861530641,0.109879510377,0.0,-0.925654853578,-1.96670620285,4.05953630052,-0.122942868423,0.0683652569389,0.0,469.5383904717192,468.5861767260376,470.03001476012753,469.57280223523765
2.2200000000000015,-0.558252153115,-1.21601437869,15.399745317,6.05134017286,0.113669056103,0.0,-1.01176248511,-2.14111342725,4.21938383723,-0.118071857773,0.049915890433,0.0,481.49473371500636,480.09931842242645,480.8102347613832,481.1670926380559
2.2800000000000016,-0.621419808464,-1.34947024,15.6560340479,6.04434772191,0.116423483882,0.0,-1.09406629049,-2.3080246802,4.32272291879,-0.113644930798,0.0363613481511,0.0,466.10671283974017,465.0471977355943,465.8869154207902,466.2214770762319
2.3400000000000016,-0.689767101684,-1.49346331909,15.9199941741,6.03820057123,0.118077747771,0.0,-1.18431483954,-2.49228223312,4.47485955962,-0.0863096658668,-0.00276190119257,0.0,483.8771985769562,480.92273771576066,481.5781706736085,483.633003993472
2.4000000000000017,-0.763078042684,-1.64766507061,16.1891050023,6.03293543026,0.117761863593,0.0,-1.2593397097,-2.64823213808,4.49505251294,-0.0908039747766,-0.01081047537,0.0,442.5806338348103,441.9176886835808,444.5250642974931,444.1501675032414
2.4600000000000017,-0.840564940983,-1.81065709545,16.4567611757,6.02760578796,0.117551102599,0.0,-1.32355236817,-2.78534002251,4.42676481228,-0.085143800882,0.00810261519753,0.0,413.51768958158436,415.18073948375115,413.9671930430597,414.45782684485846
2.520000000000002,-0.922349304316,-1.98292035657,16.7239065628,6.02228192249,0.117850037999,0.0,-1.40259344656,-2.95721369623,4.47744494492,-0.097089204116,-0.00213165950662,0.0,454.7785397842733,453.9578618180858,454.8564595812607,453.89222901337865
2.580000000000002,-1.008728006,-2.16527558731,16.9927864671,6.01645309976,0.117701997019,0.0,-1.47666903017,-3.12181274724,4.48475230554,-0.0972628903036,-0.00314737536483,0.0,441.1054793859663,441.02163068817293,442.2506803351589,442.2282489413177
2.640000000000002,-1.09965038842,-2.35784628455,17.2628673526,6.01146685645,0.117269100262,0.0,-1.55402013935,-3.29767791755,4.51734997254,-0.064013827859,-0.0169343194649,0.0,451.17300706067823,450.0584284640927,449.9877206861931,452.66559719618976
2.700000000000002,-1.19519512128,-2.56104376888,17.5347574755,6.00804951073,0.11743966389,0.0,-1.63075490913,-3.47589813539,4.54511861588,-0.0456538621054,0.0266023163304,0.0,449.222527653471,452.7396544126209,449.54643748304414,451.0296398878606
2.760000000000002,-1.29532764288,-2.77494374436,17.8080264105,6.00513967823,0.119024224754,0.0,-1.70712169427,-3.65436709728,4.56333648253,-0.0548931791465,0.0260206457752,0.0,449.6112220354363,449.56422290235287,448.1939705544563,447.44084022984896
2.820000000000002,-1.39984870079,-2.9991062038,18.0805258652,6.00226508768,0.121059630412,0.0,-1.77708082223,-3.8180639459,4.51974919701,-0.0367043007075,0.0462993841629,0.0,428.55502027076346,430.27605197247055,428.2018661172344,429.74509693579444
2.880000000000002,-1.50820736818,-3.23224603235,18.3472148731,6.00008752167,0.123708932776,0.0,-1.83513721418,-3.95367058791,4.37018654723,-0.0354823358669,0.0394802355162,0.0,392.3621843175873,391.72982560943444,391.46321229317186,391.5761396761707
2.940000000000002,-1.6204813623,-3.47445723631,18.6079184725,5.99880661719,0.125824302427,0.0,-1.90753713896,-4.12030524218,4.31975368353,-0.00227354876301,0.0250826956886,0.0,427.08994490168885,425.8605484140701,425.51379312036323,428.34757659951214
3.000000000000002,-1.73764980465,-3.72784789907,18.8694472923,5.99867482086,0.127418453702,0.0,-1.99818107902,-4.32604880972,4.39712098727,-0.00204314945509,0.0293873557699,0.0,468.03168177295913,468.3667572571731,469.8583222403048,469.8762333299661
3.0600000000000023,-1.86061388323,-3.99431264023,19.1379578043,5.99814970543,0.129712811703,0.0,-2.10074652389,-4.55601101348,4.55203851479,-0.027621836026,0.0517663184579,0.0,494.072169946306,495.7201266493982,494.67184586751176,492.7844826215708
3.1200000000000023,-1.98933537771,-4.27363933251,19.4123548518,5.99651635287,0.132306853286,0.0,-2.19021308418,-4.75505691687,4.59380664738,-0.0264357939901,0.0147691274666,0.0,464.1672325595312,461.25492413024284,461.2548276935821,461.3483558766628
3.1800000000000024,-2.12328438914,-4.56457507778,19.6878577979,5.99521185923,0.132824301739,0.0,-2.27481730399,-4.94304473164,4.58917849226,-0.013704652785,-0.00797836661079,0.0,449.5117234762596,447.66410903460053,447.88284134895554,448.91726543752713
3.2400000000000024,-2.26191207037,-4.86598046173,19.9601078609,5.99503060936,0.132178118178,0.0,-2.34614170168,-5.1041394277,4.48595469457,0.0125870470658,-0.0170360810566,0.0,415.37889242958187,414.5837332061295,415.39132433970457,417.69112739344826
3.3000000000000025,-2.4053939285,-5.17833376212,20.2303088769,5.99539867212,0.13119710261,0.0,-2.43647478683,-5.30770344901,4.52019846577,-0.0116786139956,-0.015012796583,0.0,461.03832475991106,461.19828849603203,463.16342818316355,461.2506223927158
3.3600000000000025,-2.55359879682,-5.50146929813,20.4975377018,5.99457693804,0.130091547816,0.0,-2.50372212385,-5.46391214958,4.38769827024,-0.0180697150562,-0.0263162969437,0.0,406.7555821271883,405.7417940226845,406.57869419588167,406.00563871336476
3.4200000000000026,-2.70613417768,-5.83470363125,20.759011577,5.9935857254,0.128743592674,0.0,-2.5807261807,-5.64425925098,4.32796469905,-0.0135886963129,-0.0157043862604,0.0,430.36620568395995,431.2636121251137,431.61564609915604,431.9938218116808
3.4800000000000026,-2.86356136454,-6.17945283264,21.0189577958,5.99266977956,0.127553977353,0.0,-2.66675605739,-5.84764447876,4.33640165673,-0.01885047411,-0.0297045687685,0.0,455.5156065717598,454.3944494426373,453.9440437418428,453.52163463406066
3.5400000000000027,-3.02605045034,-6.53629018684,21.278733789,5.99141422944,0.125406262038,0.0,-2.74940322141,-6.04727322073,4.3223982838,-0.0254377515927,-0.0521841946315,0.0,449.7191140006647,447.8935287783309,447.69290784174893,447.15650275134624
3.6000000000000028,-3.193620003,-6.90554003453,21.5387943346,5.98999251511,0.122798967612,0.0,-2.83598720975,-6.26138254239,4.34567346208,-0.0204203819982,-0.030074462854,0.0,460.5208157476592,462.26561612039626,460.6039657519456,461.0006315625712
3.660000000000003,-3.36656096644,-7.28822133284,21.8018448093,5.9887082279,0.120656026288,0.0,-2.92847887714,-6.49490242659,4.42173846545,-0.0234498945234,-0.0504571365672,0.0,479.2651985470227,477.71263273882005,479.63272927738103,479.40258054059893
3.720000000000003,-3.54439460538,-7.68351745205,22.0644998768,5.98734236575,0.117410371004,0.0,-2.99915827103,-6.68215386437,4.33341454488,-0.0214275501415,-0.0625925358984,0.0,427.11967484539895,426.0810634638577,428.1614226239753,428.3334296245369
3.780000000000003,-3.72610697627,-8.08933887226,22.3191776733,5.98630252767,0.113729329232,0.0,-3.05784022797,-6.84589131198,4.15633397395,-0.0101897323927,-0.058977055262,0.0,395.7397971988683,396.069347298572,394.7216265994714,395.75765539228655
3.840000000000003,-3.91171784246,-8.50613149022,22.5666408035,5.98611235571,0.110121501127,0.0,-3.12898118911,-7.04766598507,4.09232376476,0.00808766340957,-0.062542157076,0.0,434.3229645077202,434.021131067424,434.36389119739334,435.8943900142237
3.900000000000003,-4.10128482163,-8.93440499413,22.8078964571,5.9864065477,0.106552845849,0.0,-3.18980229358,-7.22870274235,3.94987704856,-0.00237898748186,-0.0539641636421,0.0,407.8469487554995,408.6097138499326,406.93459685213867,405.9962753335157
3.960000000000003,-4.29494638602,-9.3749462114,23.0448683344,5.98618280013,0.102868920178,0.0,-3.26532196942,-7.45640787153,3.94871961288,-0.00657639694521,-0.0835558681798,0.0,456.6781300201362,454.30818798823816,454.656844821999,454.3204278570507
4.020000000000002,-4.49343804991,-9.83027231824,23.2850653873,5.98582982474,0.0977250555467,0.0,-3.35051353417,-7.7214036124,4.05679540108,-0.00453077989398,-0.0904776945262,0.0,490.4042309300393,489.88439353320837,489.8948734650902,490.04708621228895
4.080000000000001,-4.69642873727,-10.3000497407,23.5266221996,5.98539403906,0.0924366806325,0.0,-3.41550287911,-7.93842071017,3.99497305527,-0.0133805373189,-0.0838342242298,0.0,437.9640075280604,438.509756637646,438.7095738285234,437.9740775598341
4.14,-4.90329595317,-10.7831058302,23.7648875374,5.98484730804,0.0883639969769,0.0,-3.47978204163,-8.16404144722,3.9469474329,-0.0017103443375,-0.0471769759046,0.0,442.33366168975124,445.3388624309341,442.17300820627975,443.1337094587649
4.199999999999998,-5.11399481228,-11.279891091,24.000457331,5.98500856187,0.0851709633632,0.0,-3.5433355037,-8.39602972737,3.90508201921,0.0102849010294,-0.0694118300548,0.0,447.16103410826975,445.34360317891026,444.9989787785924,445.9799978477654
4.259999999999997,-5.32865314563,-11.7913672639,24.2355993625,5.98560568759,0.0809369094869,0.0,-3.61159193774,-8.65362277604,3.93235390673,0.00927802934383,-0.0729841125034,0.0,468.5865846342601,468.3052089236286,469.05279940681356,468.97445175402896
4.319999999999996,-5.54708673776,-12.3174831288,24.4692849626,5.98672074614,0.0772848890146,0.0,-3.66931514284,-8.88422604651,3.85711258587,0.0326456008582,-0.0437593447379,0.0,435.9038249560872,438.33678959237415,435.3678281305077,437.31905606830816
4.379999999999995,-5.7691730015,-12.8584124974,24.7012274123,5.98900290913,0.0743653366201,0.0,-3.73335890721,-9.14718635126,3.87377932656,0.0470787239771,-0.060904710366,0.0,467.29783155725244,465.957680334998,466.3304773926603,467.45739370546636
4.439999999999993,-5.99468746579,-13.4137653832,24.9293012056,5.99159111537,0.0706373582353,0.0,-3.78367414508,-9.36536779928,3.72912489674,0.0337820895634,-0.0647089244931,0.0,414.96801802447504,414.6307639933788,413.66031221900136,412.488591179859
4.499999999999992,-6.22348224069,-13.9835454491,25.152690255,5.99387613897,0.0672823668458,0.0,-3.84257688531,-9.62788104781,3.71682977763,0.0455341964031,-0.0424621720357,0.0,456.59365830142104,458.3632700329359,457.3442394716394,458.2801731352101
4.559999999999991,-6.45566664015,-14.5687536575,25.3737909055,5.99659672004,0.0648399263662,0.0,-3.89679508202,-9.87975355048,3.6531399283,0.0449580129278,-0.037411187542,0.0,441.79038730387487,442.2058805727866,441.23007850152345,441.18370393160194
4.6199999999999894,-6.69121557203,-15.1697938879,25.5930168154,5.99956706982,0.0621896189752,0.0,-3.95468807886,-10.1555198644,3.65397769541,0.0573242915559,-0.0632523108621,0.0,463.20649959045096,461.1681947787981,462.6427481337788,463.6170134337087
4.679999999999988,-6.93010756336,-15.7870874585,25.8107866641,6.00329344873,0.0585028068154,0.0,-4.00816764325,-10.4216633368,3.60497612027,0.0702698811144,-0.05806204263,0.0,446.6149062429724,447.0354497304767,447.4218399221298,448.47751564405235
4.739999999999987,-7.17210224124,-16.4201875466,26.0245272408,6.00818484027,0.055165723526,0.0,-4.05817161283,-10.6824932105,3.51994321791,0.0977332644826,-0.0511321343974,0.0,435.7745574970805,436.3514256165441,433.7055281953591,436.01189849514003
4.799999999999986,-7.41709103362,-17.0692084745,26.2335969196,6.01377788316,0.0527543503588,0.0,-4.10801638774,-10.9523294276,3.44928006267,0.0821763765729,-0.0243062927102,0.0,437.89255752238154,440.1179449954865,440.88626113510486,439.60607525936047
4.859999999999984,-7.6649645094,-17.7341195832,26.4367719039,6.01839893643,0.0512905822029,0.0,-4.15444372297,-11.2123748712,3.3236399667,0.0639337591958,-0.0245764077692,0.0,419.9030659340134,419.8795079043542,422.07869570202195,420.5058974740712
4.919999999999983,-7.91587910254,-18.4161379851,26.6372779334,6.02192569247,0.0500448022989,0.0,-4.20930955188,-11.5223330093,3.35933811139,0.0457068352367,-0.0140586566686,0.0,472.1531012072963,472.9640468520668,472.9579847491407,471.5539123046274
4.979999999999982,-8.17019631259,-19.1175375179,26.8421322172,6.02510118424,0.0487689891096,0.0,-4.2678630729,-11.8583722969,3.46808171281,0.0644338971338,-0.042333624729,0.0,496.72773941348237,494.64943962754995,494.8043795189378,496.18284899733374
5.0399999999999805,-8.42781888267,-19.8382806291,27.0496353701,6.02858630202,0.0471612041823,0.0,-4.31946987602,-12.1674172795,3.44843586405,0.0407006092915,-0.00645401737058,0.0,456.7547977164446,459.6076219104451,459.71830635038134,457.83556760994065
